
Solution Sequence:
        Data:
                 Board State: [ 13 12 2 11 ] , [ 10 1 8 9 ] , [ 0 3 15 14 ] , [ 6 4 7 5 ]
                 Board State: [ 13 12 2 11 ] , [ 10 1 8 9 ] , [ 3 0 15 14 ] , [ 6 4 7 5 ]
                 Board State: [ 13 12 2 11 ] , [ 10 0 8 9 ] , [ 3 1 15 14 ] , [ 6 4 7 5 ]
                 Board State: [ 13 12 2 11 ] , [ 10 8 0 9 ] , [ 3 1 15 14 ] , [ 6 4 7 5 ]
                 Board State: [ 13 12 0 11 ] , [ 10 8 2 9 ] , [ 3 1 15 14 ] , [ 6 4 7 5 ]
                 Board State: [ 13 0 12 11 ] , [ 10 8 2 9 ] , [ 3 1 15 14 ] , [ 6 4 7 5 ]
                 Board State: [ 0 13 12 11 ] , [ 10 8 2 9 ] , [ 3 1 15 14 ] , [ 6 4 7 5 ]
                 Board State: [ 10 13 12 11 ] , [ 0 8 2 9 ] , [ 3 1 15 14 ] , [ 6 4 7 5 ]
                 Board State: [ 10 13 12 11 ] , [ 8 0 2 9 ] , [ 3 1 15 14 ] , [ 6 4 7 5 ]
                 Board State: [ 10 13 12 11 ] , [ 8 1 2 9 ] , [ 3 0 15 14 ] , [ 6 4 7 5 ]
                 Board State: [ 10 13 12 11 ] , [ 8 1 2 9 ] , [ 3 15 0 14 ] , [ 6 4 7 5 ]
                 Board State: [ 10 13 12 11 ] , [ 8 1 2 9 ] , [ 3 15 14 0 ] , [ 6 4 7 5 ]
                 Board State: [ 10 13 12 11 ] , [ 8 1 2 9 ] , [ 3 15 14 5 ] , [ 6 4 7 0 ]
                 Board State: [ 10 13 12 11 ] , [ 8 1 2 9 ] , [ 3 15 14 5 ] , [ 6 4 0 7 ]
                 Board State: [ 10 13 12 11 ] , [ 8 1 2 9 ] , [ 3 15 0 5 ] , [ 6 4 14 7 ]
                 Board State: [ 10 13 12 11 ] , [ 8 1 2 9 ] , [ 3 0 15 5 ] , [ 6 4 14 7 ]
                 Board State: [ 10 13 12 11 ] , [ 8 1 2 9 ] , [ 3 4 15 5 ] , [ 6 0 14 7 ]
        f(n):
                 12
                 12
                 14
                 14
                 14
                 14
                 14
                 14
                 14
                 14
                 16
                 16
                 16
                 16
                 16
                 16
                 16
        Moves:
17
                 L
                 D
                 L
                 D
                 R
                 R
                 U
                 L
                 U
                 L
                 L
                 U
                 R
                 D
                 R
                 U

Num Explored:  266





